4,5,6
6,4,5
6,5,4
4,6,6
5,5,6
6,6,4
4,7,6
5,6,6
5,8,4
6,6,5
4,8,6
4,9,5
5,7,6
5,9,4
5,8,6
5,10,4
4,10,6
5,9,6
4,11,6
5,12,4
6,10,5
6,11,4
5,13,4
4,13,6
4,14,5
5,14,4
6,12,5
4,14,6
5,15,4
6,14,4
6,15,4
5,15,6
5,17,4
6,15,5
4,17,6
4,18,5
5,16,6
6,17,4
4,18,6
5,17,6
5,19,4
6,18,4
4,19,6
5,18,6
5,20,4
6,18,5
6,19,5
4,21,6
4,22,6
4,23,5
5,21,6
6,21,5
6,22,4
4,23,6
5,22,6
5,24,4
6,23,4
4,25,5
5,25,4
6,23,5
4,25,6
5,26,4
6,25,4
4,26,6
4,27,5
6,25,5
6,26,4
4,28,5
5,26,6
5,28,4
6,27,4
4,29,5
5,27,6
5,29,4
4,30,5
6,29,4
4,30,6
6,29,5
4,32,5
5,30,6
6,30,5
4,33,5
5,31,6
5,33,4
6,31,5
4,34,5
5,32,6
5,34,4
6,32,5
6,33,4
6,33,5
4,35,6
4,36,5
5,34,6
6,35,4
4,36,6
5,35,6
5,36,6
5,38,4
6,36,5
6,37,4
4,38,6
4,39,5
5,37,6
6,37,5
6,38,4
4,39,6
4,40,5
6,38,5
4,41,5
5,39,6
5,41,4
6,39,5
4,42,5
5,43,4
6,41,5
4,44,5
5,42,6
6,43,4
4,45,5
5,45,4
6,43,5
5,46,4
6,44,5
4,46,6
4,47,5
5,47,4
4,48,5
5,46,6
5,48,4
5,47,6
6,47,5
6,48,4
4,49,6
4,50,5
5,48,6
6,48,5
6,49,4
5,49,6
5,51,4
4,52,5
5,50,6
6,50,5
6,51,4
4,52,6
4,53,5
5,53,4
6,52,4
4,54,5
5,52,6
5,54,4
6,52,5
4,55,5
5,55,4
6,53,5
4,55,6
4,56,5
5,54,6
5,56,4
6,54,5
4,56,6
4,57,5
5,55,6
5,58,4
6,58,4
5,58,6
5,59,6
5,61,4
6,59,5
6,60,4
5,60,6
5,62,4
4,63,5
6,61,5
6,62,4
5,62,6
5,64,4
6,62,5
4,65,5
4,65,6
5,64,6
5,66,4
6,65,4
4,67,5
5,65,6
5,67,4
4,67,6
4,68,5
5,66,6
5,68,4
6,67,4
4,68,6
4,69,5
6,68,4
4,69,6
4,70,5
5,68,6
4,70,6
4,71,5
5,69,6
6,69,5
4,71,6
5,70,6
6,70,5
6,71,4
4,72,6
5,73,4
6,71,5
4,73,6
6,72,5
4,75,5
6,73,5
6,74,4
4,75,6
4,76,5
5,76,4
6,75,4
4,76,6
5,77,4
6,75,5
6,76,4
4,77,6
4,78,5
5,76,6
6,76,5
6,77,4
5,77,6
5,79,4
4,80,5
5,78,6
6,79,4
4,80,6
4,81,5
5,79,6
6,79,5
4,82,5
5,82,4
6,80,5
4,82,6
6,82,4
5,82,6
5,84,4
6,82,5
6,83,4
6,84,4
4,85,6
4,86,5
5,86,4
6,84,5
6,85,4
4,86,6
4,87,5
5,85,6
6,86,4
5,88,4
6,87,4
4,88,6
4,89,5
5,87,6
5,89,4
6,87,5
5,90,4
6,88,5
4,90,6
5,91,4
6,90,4
5,90,6
6,90,5
6,91,4
4,93,5
5,91,6
6,91,5
4,93,6
5,94,4
6,92,5
4,94,6
4,95,5
5,95,4
6,94,4
4,95,6
4,96,5
5,94,6
5,96,4
6,94,5
6,95,4
4,97,5
5,97,6
6,98,4
4,99,6
5,98,6
5,100,4
5,99,6
6,99,5
6,100,4
4,101,6
4,102,5
5,100,6
6,100,5
6,101,4
4,102,6
4,103,5
6,102,4
4,104,5
4,104,6
6,103,5
4,106,5
5,104,6
5,106,4
6,105,4
4,107,5
5,107,4
6,105,5
6,106,4
4,108,5
5,106,6
5,108,4
6,106,5
6,107,4
4,108,6
6,108,4
4,109,6
4,110,5
5,108,6
5,110,4
6,108,5
4,110,6
4,111,5
5,111,4
6,110,4
5,110,6
4,112,6
5,111,6
6,111,5
4,113,6
5,112,6
6,112,5
5,115,4
6,114,4
4,116,5
5,114,6
6,114,5
4,116,6
5,115,6
6,115,5
6,116,4
4,117,6
6,117,4
4,118,6
4,119,5
5,119,4
6,117,5
4,119,6
4,120,5
5,118,6
5,120,4
4,120,6
4,121,5
6,120,5
6,121,4
4,122,6
4,123,5
5,123,4
6,122,5
4,124,6
4,125,5
6,123,5
6,125,4
6,34,5
8,34,5
8,35,4
9,35,4
8,35,6
8,36,5
10,34,5
11,35,4
10,35,6
11,36,4
11,35,6
11,36,5
12,34,6
12,36,4
13,34,5
13,35,4
13,36,4
14,35,4
13,35,6
13,36,5
14,34,6
14,36,4
15,34,5
14,35,6
14,36,5
16,34,5
16,35,4
15,35,6
15,36,5
16,34,6
17,34,5
16,36,5
18,34,5
18,35,4
17,36,5
18,34,6
18,36,4
18,35,6
18,36,5
20,34,5
20,34,6
20,36,4
21,34,5
21,34,6
22,34,5
21,35,6
21,36,5
22,34,6
22,36,4
23,34,5
23,34,6
23,36,4
23,35,6
23,36,5
24,34,6
24,36,4
24,35,6
25,34,6
25,36,4
26,34,5
26,35,4
25,35,6
25,36,5
26,34,6
26,36,4
27,34,5
26,35,6
26,36,5
27,34,6
27,36,4
28,34,5
28,35,4
27,35,6
27,36,5
28,36,4
29,34,6
29,36,4
30,34,5
29,35,6
30,36,4
31,34,5
31,34,6
32,34,5
32,35,4
31,36,5
32,34,6
32,36,4
33,34,5
33,35,4
33,34,6
34,34,5
33,35,6
33,36,5
34,34,6
34,36,4
35,34,5
34,35,6
34,36,5
36,34,5
37,34,5
37,35,4
36,36,5
37,36,4
38,35,4
37,35,6
38,36,4
39,35,4
38,35,6
38,36,5
39,34,6
40,34,6
41,35,4
40,35,6
41,34,6
42,34,5
42,35,4
41,36,5
43,35,4
42,35,6
42,36,5
43,35,6
43,36,5
44,34,6
44,36,5
45,34,6
46,34,5
46,35,4
45,35,6
45,36,5
46,34,6
47,34,5
46,35,6
47,34,6
47,36,4
48,34,5
48,35,4
47,36,5
48,36,4
49,34,5
48,35,6
48,36,5
49,34,6
49,36,4
50,34,5
49,35,6
51,34,6
52,35,4
52,34,6
52,36,4
53,34,5
53,35,4
52,35,6
53,36,4
54,35,4
53,36,5
54,36,5
55,34,6
55,36,4
56,34,5
56,35,4
55,35,6
55,36,5
56,36,4
57,35,4
56,36,5
57,36,4
58,34,6
58,36,4
59,35,4
58,35,6
59,34,6
60,34,5
60,34,6
61,34,6
61,36,4
62,34,5
62,35,4
62,36,4
63,34,5
62,35,6
62,36,5
63,36,4
64,34,5
64,35,4
63,35,6
63,36,5
65,34,5
65,35,4
65,34,6
65,36,4
66,34,5
65,36,5
66,34,6
66,35,6
66,36,5
67,34,6
67,36,4
68,34,5
67,35,6
67,36,5
69,35,4
68,35,6
68,36,5
69,35,6
69,36,5
70,34,6
70,36,4
72,34,5
71,36,5
73,34,5
72,36,5
73,34,6
73,36,4
74,35,4
74,34,6
75,35,4
74,35,6
74,36,5
76,34,5
76,35,4
76,34,6
77,35,4
78,34,5
77,35,6
77,36,5
78,34,6
78,36,4
79,34,5
79,34,6
80,34,5
80,35,4
80,34,6
81,34,5
80,35,6
81,36,4
82,34,5
82,35,4
81,35,6
81,36,5
82,36,4
83,34,5
83,35,4
82,35,6
83,34,6
84,35,4
85,35,4
84,36,5
85,36,4
86,34,5
85,35,6
85,36,5
86,35,6
86,36,5
87,36,4
88,34,5
87,35,6
87,36,5
89,34,5
89,35,4
88,36,5
90,34,5
90,35,4
90,34,6
90,36,4
91,34,5
90,35,6
91,36,4
92,34,5
91,35,6
91,36,5
92,34,6
92,36,4
93,35,4
92,35,6
93,34,6
93,36,4
94,35,4
95,34,5
94,35,6
96,35,4
95,35,6
95,36,5
96,34,6
96,36,4
98,35,4
97,36,5
98,34,6
98,36,4
99,34,5
99,35,4
98,36,5
99,34,6
99,36,4
99,36,5
101,35,4
100,35,6
101,34,6
102,34,5
102,35,4
101,35,6
101,36,5
103,34,5
102,35,6
103,34,6
103,36,4
104,35,4
103,35,6
103,36,5
104,36,4
105,35,4
104,36,5
105,36,4
106,34,5
106,35,4
105,35,6
105,36,5
107,35,4
106,35,6
107,35,6
109,35,4
108,35,6
109,34,6
110,34,5
109,35,6
110,34,6
110,36,4
111,34,5
110,35,6
111,34,6
111,36,4
112,34,5
112,35,4
111,35,6
111,36,5
112,36,4
113,34,6
113,36,4
114,34,5
113,36,5
114,34,6
115,34,5
115,35,4
115,34,6
115,36,5
116,34,6
116,36,4
117,34,5
116,35,6
116,36,5
117,34,6
117,36,4
118,34,5
118,35,4
117,35,6
118,34,6
118,35,6
119,36,4
120,35,4
119,35,6
119,36,5
121,34,5
121,35,4
121,35,6
122,34,6
122,36,4
123,34,5
122,36,5
123,34,6
123,35,6
123,36,5
124,34,6
125,34,5
124,35,6
126,34,6
126,36,4
126,35,6
127,34,6
128,35,4
129,35,4
128,35,6
129,34,6
129,36,4
129,35,6
129,36,5
130,36,4
131,34,5
130,35,6
130,36,5
131,34,6
132,35,4
131,35,6
131,36,5
132,34,6
132,36,4
133,34,5
133,35,4
132,36,5
134,34,5
134,35,4
134,36,4
135,35,4
135,35,6
135,36,5
136,36,4
137,35,4
137,34,6
137,36,4
138,34,5
138,34,6
138,36,4
139,34,5
138,35,6
139,34,6
139,36,4
140,35,4
139,35,6
140,34,6
140,36,4
140,35,6
142,34,5
142,34,6
143,34,5
143,34,6
143,36,4
144,34,5
144,35,4
143,35,6
144,34,6
144,36,4
145,34,5
145,34,6
146,35,4
146,36,4
147,35,4
146,35,6
147,36,4
148,35,4
147,35,6
147,36,5
148,36,4
149,35,4
148,36,5
149,36,4
150,34,5
149,36,5
150,34,6
150,36,4
151,35,4
150,35,6
151,36,4
152,34,5
151,36,5
153,34,5
152,36,5
153,34,6
153,36,4
154,34,5
153,35,6
154,34,6
154,36,4
155,34,5
154,35,6
155,36,4
156,35,4
155,35,6
156,34,6
156,36,4
156,35,6
157,34,6
157,36,4
158,34,5
157,35,6
159,34,5
159,36,4
160,34,5
160,34,6
161,34,5
160,35,6
160,36,5
161,34,6
162,34,5
162,35,4
161,36,5
162,35,6
163,34,6
164,35,4
164,34,6
165,34,5
165,35,4
164,35,6
166,34,5
166,35,4
165,36,5
166,34,6
167,35,4
167,36,4
168,35,4
167,35,6
167,36,5
168,34,6
168,36,4
170,35,4
170,36,4
171,34,5
170,36,5
172,35,4
172,36,5
173,35,6
173,36,5
174,34,6
175,34,5
175,35,4
174,35,6
176,34,5
176,35,4
176,34,6
177,35,4
176,35,6
178,35,4
177,36,5
178,36,4
179,35,4
180,35,4
180,34,6
180,36,4
180,36,5
181,36,4
182,35,4
181,35,6
182,35,6
183,34,6
183,36,4
184,34,5
184,35,4
183,35,6
184,34,6
184,35,6
184,36,5
186,34,5
186,35,4
185,35,6
186,36,5
188,34,5
188,34,6
189,35,4
188,35,6
188,36,5
189,34,6
190,34,5
189,35,6
189,36,5
190,34,6
190,36,4
191,35,4
190,35,6
191,34,6
191,36,5
192,34,6
193,34,5
193,35,4
192,36,5
193,34,6
194,35,4
193,35,6
194,34,6
195,34,5
194,36,5
195,36,4
196,34,6
197,34,5
197,35,4
196,35,6
196,36,5
197,34,6
197,36,4
198,35,4
197,36,5
198,34,6
198,36,5
199,34,6
200,35,4
199,35,6
200,34,6
201,35,4
200,35,6
201,34,6
201,36,4
202,34,5
202,35,4
201,36,5
202,34,6
202,36,4
203,34,5
203,35,4
202,35,6
203,36,4
204,35,4
203,35,6
203,36,5
205,34,5
205,34,6
205,36,4
206,34,5
16,65,4
15,65,6
15,66,5
16,64,6
16,66,5
17,64,6
18,64,5
18,65,4
17,65,6
18,64,6
18,66,4
19,64,5
19,65,4
18,65,6
18,66,5
19,66,4
21,64,5
22,65,4
21,65,6
22,66,4
23,64,5
23,65,4
22,65,6
24,65,4
24,66,4
25,64,5
25,65,4
24,65,6
25,64,6
25,66,4
26,65,4
25,65,6
25,66,5
26,64,6
26,66,4
27,65,4
26,65,6
26,66,5
27,66,4
28,64,5
27,65,6
29,65,4
29,64,6
30,64,5
30,64,6
30,65,6
31,64,6
31,66,4
32,64,6
33,64,5
33,65,4
32,66,5
33,66,4
33,65,6
33,66,5
34,64,6
35,64,5
34,65,6
36,65,4
36,66,4
37,64,5
37,65,4
36,65,6
36,66,5
37,64,6
37,66,4
38,64,5
38,65,4
38,66,4
38,65,6
38,66,5
40,65,4
39,65,6
39,66,5
40,64,6
41,64,5
40,65,6
40,66,5
41,64,6
41,66,4
42,64,5
41,65,6
42,64,6
42,66,4
43,65,4
42,65,6
42,66,5
43,64,6
43,66,4
44,64,5
43,65,6
43,66,5
44,64,6
44,65,6
44,66,5
45,64,6
45,66,4
46,65,4
45,66,5
46,64,6
47,66,4
48,64,5
48,65,4
48,66,4
49,64,5
48,66,5
51,65,4
50,65,6
51,64,6
51,66,4
52,65,4
52,66,4
53,64,5
53,65,4
52,65,6
52,66,5
53,65,6
55,65,4
54,65,6
54,66,5
55,64,6
55,66,4
56,64,5
56,65,4
56,64,6
57,64,5
57,65,4
57,64,6
57,66,4
58,64,5
57,65,6
57,66,5
59,64,5
59,65,4
58,66,5
59,66,4
60,64,5
59,65,6
61,65,4
60,65,6
60,66,5
61,64,6
62,64,5
61,65,6
61,66,5
62,64,6
62,66,4
62,65,6
62,66,5
63,64,6
63,66,4
64,65,4
64,64,6
65,64,5
64,65,6
64,66,5
65,64,6
66,65,4
65,66,5
66,66,4
67,65,4
67,64,6
68,64,5
68,65,4
67,65,6
67,66,5
68,64,6
68,66,4
69,64,5
69,65,4
70,65,4
69,65,6
70,64,6
71,64,5
71,65,4
71,64,6
71,66,4
72,64,5
73,64,5
72,65,6
72,66,5
73,64,6
74,64,5
73,66,5
75,65,4
74,65,6
74,66,5
75,65,6
75,66,5
76,64,6
76,66,4
77,65,4
77,66,5
78,64,6
80,64,5
80,65,4
79,66,5
80,66,4
81,65,4
82,64,5
81,65,6
81,66,5
82,66,4
83,65,4
83,64,6
83,66,4
84,64,5
84,65,4
84,64,6
85,64,5
85,65,4
85,64,6
85,66,4
85,66,5
86,66,4
87,64,5
87,65,4
86,66,5
87,64,6
88,65,4
87,66,5
88,66,4
89,64,5
89,65,4
88,66,5
90,66,4
90,65,6
91,64,6
92,64,5
91,65,6
92,66,4
92,65,6
92,66,5
93,65,6
94,64,6
94,66,4
95,64,5
95,66,4
96,64,5
96,65,4
95,65,6
97,64,5
96,65,6
96,66,5
98,64,5
98,65,4
97,66,5
98,66,4
99,64,5
99,65,4
100,64,5
99,65,6
100,65,6
100,66,5
101,64,6
101,66,4
102,64,5
101,65,6
102,66,4
102,66,5
103,65,6
104,66,4
105,64,5
104,65,6
105,64,6
106,64,5
105,65,6
105,66,5
106,64,6
107,65,4
107,64,6
108,64,5
108,64,6
108,66,4
109,64,6
109,65,6
110,64,6
110,66,4
111,64,5
110,65,6
111,64,6
111,66,4
111,66,5
112,64,6
112,66,4
113,64,5
113,65,4
113,64,6
114,64,5
113,65,6
114,64,6
114,66,4
115,64,6
115,65,6
116,66,4
116,65,6
116,66,5
117,65,6
119,64,5
119,65,4
118,65,6
118,66,5
119,64,6
119,66,4
120,64,5
120,65,4
119,65,6
119,66,5
120,64,6
120,66,4
121,65,4
120,65,6
121,64,6
121,66,5
122,64,6
123,64,5
122,65,6
124,64,5
124,65,4
123,65,6
123,66,5
124,64,6
124,66,4
124,65,6
126,64,5
127,64,5
128,64,5
127,65,6
127,66,5
128,66,4
129,65,4
128,65,6
129,64,6
129,66,4
130,66,4
131,64,5
131,65,4
132,64,5
132,65,4
133,65,4
132,66,5
133,66,4
133,65,6
134,65,6
136,65,4
135,66,5
136,64,6
136,66,4
136,66,5
137,64,6
138,65,4
137,65,6
137,66,5
138,66,4
139,66,4
140,64,5
140,65,4
140,64,6
140,66,4
141,64,5
140,65,6
141,66,4
141,65,6
141,66,5
143,64,5
142,65,6
143,65,6
143,66,5
144,64,6
144,66,4
145,65,4
144,65,6
145,66,4
146,65,4
146,64,6
147,65,4
146,66,5
147,64,6
148,64,5
148,65,4
147,66,5
148,64,6
149,64,5
149,65,4
148,65,6
150,65,4
149,66,5
151,64,5
150,65,6
150,66,5
151,66,4
152,65,4
152,64,6
152,66,4
152,65,6
153,64,6
155,64,5
155,65,4
154,65,6
155,66,4
156,65,4
156,64,6
157,64,5
156,65,6
156,66,5
157,64,6
157,66,4
158,64,5
157,66,5
158,64,6
158,65,6
160,65,4
159,66,5
160,66,4
161,64,5
161,65,4
160,65,6
161,66,4
161,65,6
161,66,5
163,64,5
163,65,4
162,65,6
162,66,5
163,64,6
163,66,4
164,65,4
164,64,6
164,66,4
165,65,4
164,65,6
164,66,5
165,66,4
166,64,5
165,65,6
167,64,5
166,65,6
167,64,6
167,66,4
168,64,5
168,66,4
169,64,5
168,65,6
170,65,4
169,65,6
169,66,5
170,64,6
171,64,5
170,65,6
171,64,6
172,65,4
171,66,5
172,64,6
173,64,5
173,65,4
173,64,6
173,66,4
174,64,5
173,65,6
174,64,6
174,66,4
176,64,5
175,65,6
175,66,5
176,64,6
177,64,5
177,65,4
176,66,5
177,66,5
178,64,6
178,66,4
179,64,5
178,66,5
179,66,4
179,65,6
180,65,6
180,66,5
181,64,6
181,66,4
182,64,6
183,64,5
183,66,4
184,64,6
184,66,4
184,66,5
186,65,4
204,35,6
206,35,4
204,35,7
205,34,7
205,36,5
206,35,5
204,35,8
204,36,7
205,34,8
204,36,8
205,34,9
205,36,7
206,35,7
204,36,9
205,36,8
206,35,8
204,35,11
205,34,11
204,36,11
205,34,12
206,34,11
206,34,12
206,35,11
205,36,12
204,36,14
206,34,14
204,36,15
205,36,14
204,35,17
204,36,16
205,34,17
205,36,15
206,34,16
204,36,17
205,34,18
205,36,16
206,35,16
204,35,19
205,34,19
205,36,17
206,34,18
205,36,18
206,34,19
206,35,18
204,36,20
205,34,21
205,36,19
206,35,19
204,36,21
206,34,21
204,35,23
204,36,22
204,35,24
205,36,22
206,34,23
206,35,22
204,35,25
204,36,24
205,34,25
205,36,23
206,34,24
206,35,23
205,34,26
204,36,26
205,36,25
204,35,28
204,36,27
205,34,28
206,35,26
205,36,27
206,34,28
206,35,27
204,35,30
204,36,29
205,36,28
206,34,29
204,36,30
205,34,31
206,34,30
206,35,29
205,36,30
206,34,31
206,35,30
205,34,33
204,35,34
205,36,32
206,35,32
204,36,34
205,34,35
206,35,33
204,36,35
205,34,36
205,36,34
206,35,34
204,35,37
206,35,35
204,35,39
206,35,37
204,36,39
206,35,38
205,34,41
205,36,39
206,34,40
206,35,39
204,35,42
204,36,41
205,36,40
206,35,40
204,36,42
205,34,43
206,34,42
206,35,41
204,35,44
204,36,43
206,34,43
205,34,45
206,35,43
204,36,45
205,34,46
205,36,44
206,35,44
204,36,46
204,35,48
204,36,47
206,35,46
204,35,49
204,36,48
205,36,47
206,34,48
206,35,47
204,35,50
205,34,50
206,34,49
204,35,51
204,36,50
206,34,50
204,35,52
204,36,51
206,34,51
205,34,53
205,36,51
206,34,52
206,35,51
204,36,53
204,35,55
205,34,55
205,36,53
206,34,54
204,36,55
205,34,56
206,35,54
205,36,55
206,34,56
206,35,55
204,36,57
206,34,57
206,35,56
204,35,59
205,34,59
206,34,59
206,35,58
205,34,61
205,36,59
206,34,60
204,35,62
204,36,61
206,34,61
206,35,60
204,35,63
205,36,61
206,34,62
206,35,61
204,36,63
206,34,63
205,34,65
205,36,63
206,35,63
204,35,66
205,36,64
206,35,64
204,35,67
204,36,66
206,34,66
206,35,65
205,34,68
205,34,69
206,35,67
204,35,70
205,36,68
206,34,69
206,35,68
204,35,71
204,36,70
205,36,69
206,34,70
204,36,71
205,36,70
204,36,72
206,34,72
206,35,71
206,35,72
204,36,74
205,34,75
206,34,74
206,35,74
5,5,5
5,6,5
5,7,5
5,8,5
5,9,5
5,10,5
5,11,5
5,12,5
5,13,5
5,14,5
5,15,5
5,16,5
5,17,5
5,18,5
5,19,5
5,20,5
5,21,5
5,22,5
5,23,5
5,24,5
5,25,5
5,26,5
5,27,5
5,28,5
5,29,5
5,30,5
5,31,5
5,32,5
5,33,5
5,34,5
5,35,5
5,36,5
5,37,5
5,38,5
5,39,5
5,40,5
5,41,5
5,42,5
5,43,5
5,44,5
5,45,5
5,46,5
5,47,5
5,48,5
5,49,5
5,50,5
5,51,5
5,52,5
5,53,5
5,54,5
5,55,5
5,56,5
5,57,5
5,58,5
5,59,5
5,60,5
5,61,5
5,62,5
5,63,5
5,64,5
5,65,5
5,66,5
5,67,5
5,68,5
5,69,5
5,70,5
5,71,5
5,72,5
5,73,5
5,74,5
5,75,5
5,76,5
5,77,5
5,78,5
5,79,5
5,80,5
5,81,5
5,82,5
5,83,5
5,84,5
5,85,5
5,86,5
5,87,5
5,88,5
5,89,5
5,90,5
5,91,5
5,92,5
5,93,5
5,94,5
5,95,5
5,96,5
5,97,5
5,98,5
5,99,5
5,100,5
5,101,5
5,102,5
5,103,5
5,104,5
5,105,5
5,106,5
5,107,5
5,108,5
5,109,5
5,110,5
5,111,5
5,112,5
5,113,5
5,114,5
5,115,5
5,116,5
5,117,5
5,118,5
5,119,5
5,120,5
5,121,5
5,122,5
5,123,5
5,124,5
5,125,5
6,35,5
7,35,5
8,35,5
9,35,5
10,35,5
11,35,5
12,35,5
13,35,5
14,35,5
15,35,5
16,35,5
17,35,5
18,35,5
19,35,5
20,35,5
21,35,5
22,35,5
23,35,5
24,35,5
25,35,5
26,35,5
27,35,5
28,35,5
29,35,5
30,35,5
31,35,5
32,35,5
33,35,5
34,35,5
35,35,5
36,35,5
37,35,5
38,35,5
39,35,5
40,35,5
41,35,5
42,35,5
43,35,5
44,35,5
45,35,5
46,35,5
47,35,5
48,35,5
49,35,5
50,35,5
51,35,5
52,35,5
53,35,5
54,35,5
55,35,5
56,35,5
57,35,5
58,35,5
59,35,5
60,35,5
61,35,5
62,35,5
63,35,5
64,35,5
65,35,5
66,35,5
67,35,5
68,35,5
69,35,5
70,35,5
71,35,5
72,35,5
73,35,5
74,35,5
75,35,5
76,35,5
77,35,5
78,35,5
79,35,5
80,35,5
81,35,5
82,35,5
83,35,5
84,35,5
85,35,5
86,35,5
87,35,5
88,35,5
89,35,5
90,35,5
91,35,5
92,35,5
93,35,5
94,35,5
95,35,5
96,35,5
97,35,5
98,35,5
99,35,5
100,35,5
101,35,5
102,35,5
103,35,5
104,35,5
105,35,5
106,35,5
107,35,5
108,35,5
109,35,5
110,35,5
111,35,5
112,35,5
113,35,5
114,35,5
115,35,5
116,35,5
117,35,5
118,35,5
119,35,5
120,35,5
121,35,5
122,35,5
123,35,5
124,35,5
125,35,5
126,35,5
127,35,5
128,35,5
129,35,5
130,35,5
131,35,5
132,35,5
133,35,5
134,35,5
135,35,5
136,35,5
137,35,5
138,35,5
139,35,5
140,35,5
141,35,5
142,35,5
143,35,5
144,35,5
145,35,5
146,35,5
147,35,5
148,35,5
149,35,5
150,35,5
151,35,5
152,35,5
153,35,5
154,35,5
155,35,5
156,35,5
157,35,5
158,35,5
159,35,5
160,35,5
161,35,5
162,35,5
163,35,5
164,35,5
165,35,5
166,35,5
167,35,5
168,35,5
169,35,5
170,35,5
171,35,5
172,35,5
173,35,5
174,35,5
175,35,5
176,35,5
177,35,5
178,35,5
179,35,5
180,35,5
181,35,5
182,35,5
183,35,5
184,35,5
185,35,5
186,35,5
187,35,5
188,35,5
189,35,5
190,35,5
191,35,5
192,35,5
193,35,5
194,35,5
195,35,5
196,35,5
197,35,5
198,35,5
199,35,5
200,35,5
201,35,5
202,35,5
203,35,5
204,35,5
205,35,5
15,65,5
16,65,5
17,65,5
18,65,5
19,65,5
20,65,5
21,65,5
22,65,5
23,65,5
24,65,5
25,65,5
26,65,5
27,65,5
28,65,5
29,65,5
30,65,5
31,65,5
32,65,5
33,65,5
34,65,5
35,65,5
36,65,5
37,65,5
38,65,5
39,65,5
40,65,5
41,65,5
42,65,5
43,65,5
44,65,5
45,65,5
46,65,5
47,65,5
48,65,5
49,65,5
50,65,5
51,65,5
52,65,5
53,65,5
54,65,5
55,65,5
56,65,5
57,65,5
58,65,5
59,65,5
60,65,5
61,65,5
62,65,5
63,65,5
64,65,5
65,65,5
66,65,5
67,65,5
68,65,5
69,65,5
70,65,5
71,65,5
72,65,5
73,65,5
74,65,5
75,65,5
76,65,5
77,65,5
78,65,5
79,65,5
80,65,5
81,65,5
82,65,5
83,65,5
84,65,5
85,65,5
86,65,5
87,65,5
88,65,5
89,65,5
90,65,5
91,65,5
92,65,5
93,65,5
94,65,5
95,65,5
96,65,5
97,65,5
98,65,5
99,65,5
100,65,5
101,65,5
102,65,5
103,65,5
104,65,5
105,65,5
106,65,5
107,65,5
108,65,5
109,65,5
110,65,5
111,65,5
112,65,5
113,65,5
114,65,5
115,65,5
116,65,5
117,65,5
118,65,5
119,65,5
120,65,5
121,65,5
122,65,5
123,65,5
124,65,5
125,65,5
126,65,5
127,65,5
128,65,5
129,65,5
130,65,5
131,65,5
132,65,5
133,65,5
134,65,5
135,65,5
136,65,5
137,65,5
138,65,5
139,65,5
140,65,5
141,65,5
142,65,5
143,65,5
144,65,5
145,65,5
146,65,5
147,65,5
148,65,5
149,65,5
150,65,5
151,65,5
152,65,5
153,65,5
154,65,5
155,65,5
156,65,5
157,65,5
158,65,5
159,65,5
160,65,5
161,65,5
162,65,5
163,65,5
164,65,5
165,65,5
166,65,5
167,65,5
168,65,5
169,65,5
170,65,5
171,65,5
172,65,5
173,65,5
174,65,5
175,65,5
176,65,5
177,65,5
178,65,5
179,65,5
180,65,5
181,65,5
182,65,5
183,65,5
184,65,5
185,65,5
205,35,6
205,35,7
205,35,8
205,35,9
205,35,10
205,35,11
205,35,12
205,35,13
205,35,14
205,35,15
205,35,16
205,35,17
205,35,18
205,35,19
205,35,20
205,35,21
205,35,22
205,35,23
205,35,24
205,35,25
205,35,26
205,35,27
205,35,28
205,35,29
205,35,30
205,35,31
205,35,32
205,35,33
205,35,34
205,35,35
205,35,36
205,35,37
205,35,38
205,35,39
205,35,40
205,35,41
205,35,42
205,35,43
205,35,44
205,35,45
205,35,46
205,35,47
205,35,48
205,35,49
205,35,50
205,35,51
205,35,52
205,35,53
205,35,54
205,35,55
205,35,56
205,35,57
205,35,58
205,35,59
205,35,60
205,35,61
205,35,62
205,35,63
205,35,64
205,35,65
205,35,66
205,35,67
205,35,68
205,35,69
205,35,70
205,35,71
205,35,72
205,35,73
205,35,74
205,35,75
68,90,43
33,107,11
55,106,67
109,16,146
152,46,15
148,79,90
106,99,140
139,69,121
76,44,124
128,34,115
68,71,64
115,19,85
41,80,21
42,93,98
23,74,101
54,149,63
85,125,56
71,68,75
120,111,141
9,49,53
13,67,125
152,15,9
100,40,103
45,126,17
30,15,96
110,41,113
42,72,27
24,17,155
23,153,52
9,135,136
